{
 "cells": [
  {
   "cell_type": "markdown",
   "metadata": {},
   "source": [
    "## Nama : Aufa Nabil Amiri\n",
    "## NRP : 0721 17 4000 0029\n",
    "### Subject : Ensemble\n",
    "---"
   ]
  },
  {
   "cell_type": "markdown",
   "metadata": {},
   "source": [
    "### Mempersiapkan Library yang akan digunakan."
   ]
  },
  {
   "cell_type": "code",
   "execution_count": 114,
   "metadata": {
    "scrolled": true
   },
   "outputs": [],
   "source": [
    "#importing important packages\n",
    "import pandas as pd\n",
    "import numpy as np\n",
    "from sklearn import datasets\n",
    "from sklearn.model_selection import train_test_split\n",
    "from sklearn.ensemble import BaggingClassifier\n",
    "from sklearn.ensemble import BaggingRegressor\n",
    "from sklearn.ensemble import VotingClassifier\n",
    "from sklearn import tree\n",
    "from sklearn.neighbors import KNeighborsClassifier\n",
    "from sklearn.linear_model import LogisticRegression\n",
    "from statistics import mode\n",
    "from sklearn.model_selection import StratifiedKFold\n",
    "from sklearn.ensemble import RandomForestClassifier\n",
    "from sklearn.ensemble import RandomForestRegressor\n",
    "from sklearn.ensemble import AdaBoostClassifier\n",
    "from sklearn.ensemble import AdaBoostRegressor\n",
    "from sklearn.ensemble import GradientBoostingClassifier\n",
    "from sklearn.ensemble import GradientBoostingRegressor\n",
    "import xgboost as xgb\n",
    "import lightgbm as lgb\n",
    "from sklearn.metrics import mean_squared_error\n",
    "from catboost import CatBoostClassifier\n",
    "from catboost import CatBoostRegressor"
   ]
  },
  {
   "cell_type": "markdown",
   "metadata": {},
   "source": [
    "### 1. Simple Ensemble Techiques\n",
    "    1. Max Voting\n",
    "    2. Averaging\n",
    "    3. Weighted Averaging"
   ]
  },
  {
   "cell_type": "markdown",
   "metadata": {},
   "source": [
    "### 1.1 Max Voting\n",
    "merupakan ensemble simple yang menggabungkan beberapa model sekaligus, hasil akhir dihitung berdasarkan majority vote."
   ]
  },
  {
   "cell_type": "markdown",
   "metadata": {},
   "source": [
    "#### Load Iris Dataset dan menaruhnya di kolom yang sesuai\n",
    "Dataset ini akan digunakan selama melakukan ensemble."
   ]
  },
  {
   "cell_type": "code",
   "execution_count": 115,
   "metadata": {},
   "outputs": [],
   "source": [
    "#Load dataset\n",
    "iris = datasets.load_iris()"
   ]
  },
  {
   "cell_type": "markdown",
   "metadata": {},
   "source": [
    "#### Memilah Data\n",
    "mengkategorikan data yang didapat dari iris, dikategorikan dalam kolomnya masing - masing."
   ]
  },
  {
   "cell_type": "code",
   "execution_count": 116,
   "metadata": {},
   "outputs": [],
   "source": [
    "data=pd.DataFrame({\n",
    "    'sepal length':iris.data[:,0],\n",
    "    'sepal width':iris.data[:,1],\n",
    "    'petal length':iris.data[:,2],\n",
    "    'petal width':iris.data[:,3],\n",
    "    'species':iris.target\n",
    "})"
   ]
  },
  {
   "cell_type": "markdown",
   "metadata": {},
   "source": [
    "#### Memisahkan Data\n",
    "Memisahkan data antara feature dan labelnya, yang kemudian dibagi lagi untuk train dan test."
   ]
  },
  {
   "cell_type": "code",
   "execution_count": 117,
   "metadata": {},
   "outputs": [],
   "source": [
    "X=data[['sepal length', 'sepal width', 'petal length', 'petal width']]  # Features\n",
    "y=data['species']  # Labels\n",
    "\n",
    "# Split dataset into training set and test set\n",
    "X_train, X_test, y_train, y_test = train_test_split(X, y, test_size=0.3) # 70% training and 30% test"
   ]
  },
  {
   "cell_type": "markdown",
   "metadata": {},
   "source": [
    "#### Menggunakan Max Vote secara manual\n",
    "dalam cara ini, vote dilakukan dengan menghitung total dari hasil - hasil yang didapatkan dari berbagai classifier yang sudah didapatkan."
   ]
  },
  {
   "cell_type": "code",
   "execution_count": 118,
   "metadata": {},
   "outputs": [
    {
     "name": "stdout",
     "output_type": "stream",
     "text": [
      "[2. 2. 0. 0. 0. 2. 0. 2. 2. 1. 0. 0. 0. 1. 0. 2. 2. 1. 1. 2. 0. 2. 0. 1.\n",
      " 2. 1. 1. 2. 1. 2. 2. 1. 1. 1. 2. 1. 2. 2. 2. 2. 0. 1. 1. 2. 0.]\n"
     ]
    }
   ],
   "source": [
    "model1 = tree.DecisionTreeClassifier()\n",
    "model2 = KNeighborsClassifier()\n",
    "model3 = LogisticRegression(solver='lbfgs',multi_class='ovr')\n",
    "\n",
    "model1.fit(X_train,y_train)\n",
    "model2.fit(X_train,y_train)\n",
    "model3.fit(X_train,y_train)\n",
    "\n",
    "pred1=model1.predict(X_test)\n",
    "pred2=model2.predict(X_test)\n",
    "pred3=model3.predict(X_test)\n",
    "\n",
    "final_pred = np.array([])\n",
    "for i in range(0,len(X_test)):\n",
    "    final_pred = np.append(final_pred, mode([pred1[i], pred2[i], pred3[i]]))\n",
    "    \n",
    "print(final_pred)"
   ]
  },
  {
   "cell_type": "markdown",
   "metadata": {},
   "source": [
    "#### Cara Alternatif dengan menggunakan Voting Classifier\n",
    "cara ini memanfaatkan library dari sklearn, yaitu Voting Classifier"
   ]
  },
  {
   "cell_type": "code",
   "execution_count": 119,
   "metadata": {
    "scrolled": true
   },
   "outputs": [
    {
     "data": {
      "text/plain": [
       "0.9777777777777777"
      ]
     },
     "execution_count": 119,
     "metadata": {},
     "output_type": "execute_result"
    }
   ],
   "source": [
    "model1 = LogisticRegression(random_state=1,solver='lbfgs', multi_class=\"ovr\")\n",
    "model2 = tree.DecisionTreeClassifier(random_state=1)\n",
    "model = VotingClassifier(estimators=[('lr', model1), ('dt', model2)], voting='hard')\n",
    "model.fit(X_train,y_train)\n",
    "model.score(X_test,y_test)"
   ]
  },
  {
   "cell_type": "markdown",
   "metadata": {},
   "source": [
    "### 1.2 Averaging\n",
    "dalam ensemble yang ini, daripada langsung menggunakan majority vote, digunakan rata - rata hasil nya dan barulah didapat hasil prediksi nya."
   ]
  },
  {
   "cell_type": "code",
   "execution_count": 120,
   "metadata": {
    "scrolled": true
   },
   "outputs": [
    {
     "name": "stdout",
     "output_type": "stream",
     "text": [
      "[[7.13725934e-05 1.13713075e-01 8.86215553e-01]\n",
      " [7.14189138e-05 7.29364018e-02 9.26992179e-01]\n",
      " [9.50364260e-01 4.96343132e-02 1.42632743e-06]\n",
      " [9.23609888e-01 7.63890845e-02 1.02779229e-06]\n",
      " [9.83532038e-01 1.64621956e-02 5.76615004e-06]\n",
      " [4.17209232e-05 7.30020092e-02 9.26956270e-01]\n",
      " [9.66953132e-01 3.30451063e-02 1.76146727e-06]\n",
      " [2.67830863e-04 1.00276872e-01 8.99455297e-01]\n",
      " [5.97997189e-04 2.02962227e-01 7.96439776e-01]\n",
      " [1.06252093e-02 9.60097605e-01 2.92771854e-02]\n",
      " [8.72852555e-01 1.27144689e-01 2.75636226e-06]\n",
      " [9.28620040e-01 7.13767156e-02 3.24478599e-06]\n",
      " [9.76626789e-01 2.33699564e-02 3.25469324e-06]\n",
      " [2.18872164e-03 8.77647551e-01 1.20163727e-01]\n",
      " [9.68877844e-01 3.11140073e-02 8.14914815e-06]\n",
      " [3.56251917e-05 9.14671972e-02 9.08497178e-01]\n",
      " [2.84102666e-04 2.18064555e-01 7.81651342e-01]\n",
      " [4.99107636e-02 9.47148719e-01 2.94051781e-03]\n",
      " [2.45045391e-03 9.07744134e-01 8.98054123e-02]\n",
      " [2.25616104e-05 3.43730402e-02 9.65604398e-01]\n",
      " [9.43776430e-01 5.62153307e-02 8.23952740e-06]\n",
      " [3.03254727e-04 2.16884617e-01 7.82812128e-01]\n",
      " [9.68536633e-01 3.14612964e-02 2.07068502e-06]\n",
      " [1.15969236e-02 9.38291206e-01 5.01118703e-02]\n",
      " [6.41809590e-04 3.29216697e-01 6.70141494e-01]\n",
      " [4.26152616e-03 9.17795628e-01 7.79428462e-02]\n",
      " [7.91081668e-03 9.76656020e-01 1.54331636e-02]\n",
      " [2.56440030e-04 6.80385068e-02 9.31705053e-01]\n",
      " [6.29663474e-03 9.01137550e-01 9.25658156e-02]\n",
      " [1.20033487e-04 5.58284557e-01 4.41595409e-01]\n",
      " [1.22208457e-03 2.07517158e-01 7.91260757e-01]\n",
      " [1.25248422e-02 9.62793476e-01 2.46816814e-02]\n",
      " [1.71505078e-02 9.70426467e-01 1.24230249e-02]\n",
      " [1.55647041e-02 9.51046381e-01 3.33889146e-02]\n",
      " [6.47178696e-05 6.72557783e-02 9.32679504e-01]\n",
      " [3.32810279e-03 7.45782308e-01 2.50889589e-01]\n",
      " [1.02646330e-04 9.03024235e-02 9.09594930e-01]\n",
      " [2.22107609e-04 1.05614344e-01 8.94163548e-01]\n",
      " [3.71593382e-05 1.40371064e-01 8.59591777e-01]\n",
      " [1.74094843e-04 1.04053067e-01 8.95772838e-01]\n",
      " [9.38835327e-01 6.11626935e-02 1.97934840e-06]\n",
      " [5.97423972e-04 5.94541067e-01 4.04861509e-01]\n",
      " [1.83236507e-02 9.37981509e-01 4.36948405e-02]\n",
      " [1.49255147e-04 1.10470097e-01 8.89380648e-01]\n",
      " [9.86608785e-01 1.33893975e-02 1.81724957e-06]]\n"
     ]
    }
   ],
   "source": [
    "model1 = tree.DecisionTreeClassifier()\n",
    "model2 = KNeighborsClassifier()\n",
    "model3 = LogisticRegression(solver='lbfgs',multi_class='ovr')\n",
    "\n",
    "model1.fit(X_train,y_train)\n",
    "model2.fit(X_train,y_train)\n",
    "model3.fit(X_train,y_train)\n",
    "\n",
    "pred1=model1.predict_proba(X_test)\n",
    "pred2=model2.predict_proba(X_test)\n",
    "pred3=model3.predict_proba(X_test)\n",
    "\n",
    "finalpred=(pred1+pred2+pred3)/3\n",
    "print(finalpred)"
   ]
  },
  {
   "cell_type": "markdown",
   "metadata": {},
   "source": [
    "### 1.3 Weighted Average\n",
    "dalam metode ensemble ini, mirip seperti majority vote atau max vote. Namun apabila dalam max vote hanya menghitung banyaknya vote saja, dalam weighted average ini selain menghitung vote terbanyak juga memperhitungkan weight nya atau dalam hal ini menghitung tingat kepercayaan kita terhadap classifier tersebut."
   ]
  },
  {
   "cell_type": "code",
   "execution_count": 121,
   "metadata": {
    "scrolled": true
   },
   "outputs": [
    {
     "name": "stdout",
     "output_type": "stream",
     "text": [
      "[[8.56471121e-05 1.36455689e-01 8.63458663e-01]\n",
      " [8.57026965e-05 8.75236821e-02 9.12390615e-01]\n",
      " [9.40437113e-01 5.95611759e-02 1.71159292e-06]\n",
      " [9.08331865e-01 9.16669014e-02 1.23335074e-06]\n",
      " [9.80238446e-01 1.97546347e-02 6.91938005e-06]\n",
      " [5.00651078e-05 8.76024110e-02 9.12347524e-01]\n",
      " [9.60343759e-01 3.96541276e-02 2.11376073e-06]\n",
      " [3.21397035e-04 1.20332247e-01 8.79346356e-01]\n",
      " [7.17596627e-04 2.23554672e-01 7.75727731e-01]\n",
      " [1.27502511e-02 9.52117126e-01 3.51326224e-02]\n",
      " [8.47423066e-01 1.52573626e-01 3.30763471e-06]\n",
      " [9.14344047e-01 8.56520588e-02 3.89374319e-06]\n",
      " [9.71952147e-01 2.80439477e-02 3.90563188e-06]\n",
      " [2.62646597e-03 8.53177061e-01 1.44196473e-01]\n",
      " [9.62653412e-01 3.73368087e-02 9.77897779e-06]\n",
      " [4.27502301e-05 1.09760637e-01 8.90196613e-01]\n",
      " [3.40923199e-04 2.41677466e-01 7.57981611e-01]\n",
      " [5.98929164e-02 9.36578462e-01 3.52862137e-03]\n",
      " [2.94054469e-03 8.89292961e-01 1.07766495e-01]\n",
      " [2.70739325e-05 4.12476483e-02 9.58725278e-01]\n",
      " [9.32531716e-01 6.74583968e-02 9.88743287e-06]\n",
      " [3.63905672e-04 2.40261541e-01 7.59374554e-01]\n",
      " [9.62243960e-01 3.77535556e-02 2.48482202e-06]\n",
      " [1.39163083e-02 9.25949447e-01 6.01342443e-02]\n",
      " [7.70171508e-04 3.35060036e-01 6.64169793e-01]\n",
      " [5.11383139e-03 9.01354753e-01 9.35314155e-02]\n",
      " [9.49298001e-03 9.71987224e-01 1.85197964e-02]\n",
      " [3.07728035e-04 8.16462082e-02 9.18046064e-01]\n",
      " [7.55596169e-03 8.81365060e-01 1.11078979e-01]\n",
      " [1.44040184e-04 2.49941468e-01 7.49914491e-01]\n",
      " [1.46650148e-03 2.29020590e-01 7.69512909e-01]\n",
      " [1.50298106e-02 9.55352172e-01 2.96180176e-02]\n",
      " [2.05806093e-02 9.64511761e-01 1.49076298e-02]\n",
      " [1.86776449e-02 9.41255658e-01 4.00666975e-02]\n",
      " [7.76614435e-05 8.07069339e-02 9.19215405e-01]\n",
      " [3.99372335e-03 7.14938770e-01 2.81067507e-01]\n",
      " [1.23175596e-04 1.08362908e-01 8.91513916e-01]\n",
      " [2.66529131e-04 1.26737213e-01 8.72996258e-01]\n",
      " [4.45912059e-05 1.68445276e-01 8.31510132e-01]\n",
      " [2.08913811e-04 1.24863680e-01 8.74927406e-01]\n",
      " [9.26602393e-01 7.33952323e-02 2.37521808e-06]\n",
      " [7.16908766e-04 5.93449280e-01 4.05833811e-01]\n",
      " [2.19883808e-02 9.25577811e-01 5.24338086e-02]\n",
      " [1.79106176e-04 1.32564116e-01 8.67256778e-01]\n",
      " [9.83930542e-01 1.60672771e-02 2.18069948e-06]]\n"
     ]
    }
   ],
   "source": [
    "model1 = tree.DecisionTreeClassifier()\n",
    "model2 = KNeighborsClassifier()\n",
    "model3 = LogisticRegression(solver='lbfgs',multi_class='ovr')\n",
    "\n",
    "model1.fit(X_train,y_train)\n",
    "model2.fit(X_train,y_train)\n",
    "model3.fit(X_train,y_train)\n",
    "\n",
    "pred1=model1.predict_proba(X_test)\n",
    "pred2=model2.predict_proba(X_test)\n",
    "pred3=model3.predict_proba(X_test)\n",
    "\n",
    "finalpred=(pred1*0.3+pred2*0.3+pred3*0.4)\n",
    "print(finalpred)"
   ]
  },
  {
   "cell_type": "markdown",
   "metadata": {},
   "source": [
    "### 2. Advanced Ensemble Techniques\n",
    "    2.1 Stacking\n",
    "    2.2 Blending\n",
    "    2.3 Bagging\n",
    "    2.4 Boosting\n",
    "    "
   ]
  },
  {
   "cell_type": "markdown",
   "metadata": {},
   "source": [
    "### 2.1 Stacking\n",
    "Merupakan salah satu teknik ensemble yang menggabungkan beberapa classifier atau algoritma machine learning menjadi satu, untuk membentuk suatu model baru."
   ]
  },
  {
   "cell_type": "markdown",
   "metadata": {},
   "source": [
    "#### Membuat fungsi stacking"
   ]
  },
  {
   "cell_type": "code",
   "execution_count": 122,
   "metadata": {},
   "outputs": [],
   "source": [
    "def Stacking(model,train,y,test,n_fold):\n",
    "    folds=StratifiedKFold(n_splits=n_fold,random_state=1)\n",
    "    #test_pred=np.empty((test.shape[0],1),float)\n",
    "    train_pred=np.empty((0,1),float)\n",
    "    test_pred=np.empty((0,1),float)\n",
    "    for train_indices,val_indices in folds.split(train,y.values):\n",
    "        x_train,x_val=train.iloc[train_indices],train.iloc[val_indices]\n",
    "        y_train,y_val=y.iloc[train_indices],y.iloc[val_indices]\n",
    "\n",
    "        model.fit(X=x_train,y=y_train)\n",
    "        train_pred=np.append(train_pred,model.predict(x_val))\n",
    "    test_pred=np.append(test_pred,model.predict(test))\n",
    "    return test_pred.reshape(-1,1),train_pred"
   ]
  },
  {
   "cell_type": "markdown",
   "metadata": {},
   "source": [
    "#### Membuat classifier model1 menggunakan Decision Tree\n",
    "untuk model ke 1 menggunakan decision tree"
   ]
  },
  {
   "cell_type": "code",
   "execution_count": 123,
   "metadata": {},
   "outputs": [],
   "source": [
    "model1 = tree.DecisionTreeClassifier(random_state=1)\n",
    "\n",
    "test_pred1 ,train_pred1=Stacking(model=model1,n_fold=10, train=X_train,test=X_test,y=y_train)\n",
    "\n",
    "train_pred1=pd.DataFrame(train_pred1)\n",
    "test_pred1=pd.DataFrame(test_pred1)"
   ]
  },
  {
   "cell_type": "markdown",
   "metadata": {},
   "source": [
    "#### Membuat classifier model2 menggunakan KNN\n",
    "untuk model ke 2 menggunakan KNN"
   ]
  },
  {
   "cell_type": "code",
   "execution_count": 124,
   "metadata": {},
   "outputs": [],
   "source": [
    "model2 = KNeighborsClassifier()\n",
    "\n",
    "test_pred2 ,train_pred2=Stacking(model=model2,n_fold=10,train=X_train,test=X_test,y=y_train)\n",
    "\n",
    "train_pred2=pd.DataFrame(train_pred2)\n",
    "test_pred2=pd.DataFrame(test_pred2)"
   ]
  },
  {
   "cell_type": "markdown",
   "metadata": {},
   "source": [
    "#### Membuat classifier model3 menggunakan Logistic Reggression\n",
    "untuk model ke 3 menggunakan logistic reggression"
   ]
  },
  {
   "cell_type": "code",
   "execution_count": 125,
   "metadata": {},
   "outputs": [
    {
     "data": {
      "text/plain": [
       "0.3111111111111111"
      ]
     },
     "execution_count": 125,
     "metadata": {},
     "output_type": "execute_result"
    }
   ],
   "source": [
    "df = pd.concat([train_pred1, train_pred2], axis=1)\n",
    "df_test = pd.concat([test_pred1, test_pred2], axis=1)\n",
    "\n",
    "model = LogisticRegression(random_state=1,solver='lbfgs',multi_class='ovr')\n",
    "model.fit(df,y_train)\n",
    "\n",
    "model.score(df_test, y_test)"
   ]
  },
  {
   "cell_type": "markdown",
   "metadata": {},
   "source": [
    "### 2.2 Blending\n",
    "Dalam blending ini, train set nya dibagi lagi menjadi 2, yang mana yang satu untuk training set dan lainnya lagi untuk validation set. Validation set digunakan sebagai fitur tambahan dan digunakan untuk membuat model baru."
   ]
  },
  {
   "cell_type": "markdown",
   "metadata": {},
   "source": [
    "#### Divide Train Set to Train Set and Validation Set\n",
    "seperti yang sudah dituliskan diatas, hal yang harus dilakukan adalah membagi train set menjadi train set dan validation set"
   ]
  },
  {
   "cell_type": "code",
   "execution_count": 126,
   "metadata": {},
   "outputs": [],
   "source": [
    "x_val, x_train, y_val, y_train = train_test_split(X_train, y_train, test_size=0.5)"
   ]
  },
  {
   "cell_type": "markdown",
   "metadata": {},
   "source": [
    "#### Membuat model\n",
    "dalam subbab ini, kita akan menggunakan decision tree dan knn sebagai model classifier nya"
   ]
  },
  {
   "cell_type": "code",
   "execution_count": 127,
   "metadata": {},
   "outputs": [],
   "source": [
    "model1 = tree.DecisionTreeClassifier()\n",
    "model1.fit(x_train, y_train)\n",
    "val_pred1=model1.predict(x_val)\n",
    "test_pred1=model1.predict(X_test)\n",
    "val_pred1=pd.DataFrame(val_pred1)\n",
    "test_pred1=pd.DataFrame(test_pred1)\n",
    "\n",
    "model2 = KNeighborsClassifier()\n",
    "model2.fit(x_train,y_train)\n",
    "val_pred2=model2.predict(x_val)\n",
    "test_pred2=model2.predict(X_test)\n",
    "val_pred2=pd.DataFrame(val_pred2)\n",
    "test_pred2=pd.DataFrame(test_pred2)"
   ]
  },
  {
   "cell_type": "markdown",
   "metadata": {},
   "source": [
    "#### Menggabungkan Meta-Features dan Validation set\n",
    "menggabungkan meta-feature dan validation set nya. Logistic Regression model digunakan untuk membuat prediksi untuk test set nya."
   ]
  },
  {
   "cell_type": "code",
   "execution_count": 128,
   "metadata": {
    "scrolled": false
   },
   "outputs": [
    {
     "data": {
      "text/plain": [
       "0.9777777777777777"
      ]
     },
     "execution_count": 128,
     "metadata": {},
     "output_type": "execute_result"
    }
   ],
   "source": [
    "x_val.reset_index(drop=True, inplace=True)\n",
    "X_test.reset_index(drop=True, inplace=True)\n",
    "df_val=pd.concat([x_val, val_pred1,val_pred2],axis=1)\n",
    "df_test=pd.concat([X_test, test_pred1,test_pred2],axis=1)\n",
    "\n",
    "model = LogisticRegression(solver='lbfgs', multi_class='ovr')\n",
    "model.fit(df_val,y_val)\n",
    "model.score(df_test,y_test)"
   ]
  },
  {
   "cell_type": "markdown",
   "metadata": {},
   "source": [
    "### 3. Algoritma Berdasar Bagging dan Boosting\n",
    "    Algoritma Bagging :\n",
    "        3.1 Bagging meta-estimator\n",
    "        3.2 Random Forest\n",
    "        \n",
    "    Algoritma Boosting :\n",
    "        3.3 AdaBoost\n",
    "        3.4 GBM\n",
    "        3.5 XGBM\n",
    "        3.6 Light GBM\n",
    "        3.7 CatBoost"
   ]
  },
  {
   "cell_type": "markdown",
   "metadata": {},
   "source": [
    "### Prep 1 : Load Data\n",
    "Sama seperti subbab sebelumnya, data ini akan digunakan dari titik ini sampai akhir project, selain untuk menghilangkan repetisi, juga mempersingkat waktu"
   ]
  },
  {
   "cell_type": "code",
   "execution_count": 129,
   "metadata": {},
   "outputs": [],
   "source": [
    "#reading the dataset\n",
    "df=pd.read_csv(\"train.csv\")\n",
    "\n",
    "#filling missing values\n",
    "df.dropna(inplace=True)"
   ]
  },
  {
   "cell_type": "markdown",
   "metadata": {},
   "source": [
    "### Prep 2 : Split Data\n",
    "Data akan dibagi dua, menjadi train dan test. kedua data tersebut akan dipisahkan antara label dan fiturnya."
   ]
  },
  {
   "cell_type": "code",
   "execution_count": 130,
   "metadata": {},
   "outputs": [],
   "source": [
    "#split dataset into train and test\n",
    "\n",
    "train, test = train_test_split(df, test_size=0.498, random_state=0)\n",
    "\n",
    "x_train=train.drop('Loan_Status',axis=1)\n",
    "y_train=train['Loan_Status']\n",
    "\n",
    "x_test=test.drop('Loan_Status',axis=1)\n",
    "y_test=test['Loan_Status']\n",
    "\n",
    "#create dummies\n",
    "x_train=pd.get_dummies(x_train)\n",
    "x_test=pd.get_dummies(x_test)"
   ]
  },
  {
   "cell_type": "markdown",
   "metadata": {},
   "source": [
    "### 3.1 Bagging meta-estimator\n",
    "mirip seperti bagging classifier, namun bagging meta-estimator memiliki keuntungan yaitu dapat digunakan untuk classification dan regression."
   ]
  },
  {
   "cell_type": "markdown",
   "metadata": {},
   "source": [
    "#### Bagging Classifier"
   ]
  },
  {
   "cell_type": "code",
   "execution_count": 131,
   "metadata": {},
   "outputs": [
    {
     "name": "stdout",
     "output_type": "stream",
     "text": [
      "0.7583333333333333\n"
     ]
    }
   ],
   "source": [
    "model = BaggingClassifier(tree.DecisionTreeClassifier(random_state=1))\n",
    "model.fit(x_train, y_train)\n",
    "result = model.score(x_test,y_test)\n",
    "print(result)"
   ]
  },
  {
   "cell_type": "markdown",
   "metadata": {},
   "source": [
    "#### Bagging Regression\n",
    "karena regression seharusnya digunakan untuk suatu input data dengan besaran yang berbentuk angka continuous, maka label yang merupakan Classifier (Y/N) harus dirubah ke dalam bentuk 0/1. Namun karena hal ini pulalah, hasil akurasi dari regression ini sangat rendah dibanding apabila menggunakan classifier"
   ]
  },
  {
   "cell_type": "code",
   "execution_count": 132,
   "metadata": {},
   "outputs": [
    {
     "data": {
      "text/plain": [
       "0.2553379448287356"
      ]
     },
     "execution_count": 132,
     "metadata": {},
     "output_type": "execute_result"
    }
   ],
   "source": [
    "Y_train = y_train.eq('Y').mul(1)\n",
    "Y_test = y_test.eq('Y').mul(1)\n",
    "model = BaggingRegressor(tree.DecisionTreeRegressor(random_state=1))\n",
    "model.fit(x_train, Y_train)\n",
    "model.score(x_test,Y_test)"
   ]
  },
  {
   "cell_type": "markdown",
   "metadata": {},
   "source": [
    "### 3.2 Random Forest\n",
    "dalam random forest ini, akan dibuat beberapa model yang masing - masing akan memiliki fitur dan cuplikan data yang berbeda, cuplikan datanya adalah random"
   ]
  },
  {
   "cell_type": "markdown",
   "metadata": {},
   "source": [
    "#### Random Forest Classifier"
   ]
  },
  {
   "cell_type": "code",
   "execution_count": 133,
   "metadata": {},
   "outputs": [
    {
     "data": {
      "text/plain": [
       "0.8083333333333333"
      ]
     },
     "execution_count": 133,
     "metadata": {},
     "output_type": "execute_result"
    }
   ],
   "source": [
    "model= RandomForestClassifier(random_state=1, n_estimators=100)\n",
    "model.fit(x_train, y_train)\n",
    "model.score(x_test,y_test)"
   ]
  },
  {
   "cell_type": "markdown",
   "metadata": {},
   "source": [
    "#### Melihat Importance of the feature\n",
    "importance dari fitur ini cukup penting karena dari situ, kita dapat mengetahui apabila ada data atau fitur yang memiliki importance rendah dan dapat dihpauskan karena dianggap sebagai noise"
   ]
  },
  {
   "cell_type": "code",
   "execution_count": 134,
   "metadata": {},
   "outputs": [
    {
     "name": "stdout",
     "output_type": "stream",
     "text": [
      "ApplicantIncome 0.10284631717533817\n",
      "CoapplicantIncome 0.059604149908311366\n",
      "Credit_History 0.12427397027626824\n",
      "Dependents_0 0.015331137951488622\n",
      "Dependents_1 0.011327577464628914\n",
      "Dependents_2 0.0115788375443792\n",
      "Dependents_3+ 0.00816706510625352\n",
      "Education_Graduate 0.01610754273334323\n",
      "Education_Not Graduate 0.018477991202919406\n",
      "Gender_Female 0.011352008202725123\n",
      "Gender_Male 0.012229405259838013\n",
      "LoanAmount 0.09371728456578643\n",
      "Loan_Amount_Term 0.034740086607676066\n",
      "Loan_ID_LP001003 0.007091428814084714\n",
      "Loan_ID_LP001008 0.0003958663622716909\n",
      "Loan_ID_LP001024 0.0001826330104285636\n",
      "Loan_ID_LP001029 0.005682949568997561\n",
      "Loan_ID_LP001032 0.00015049718855468752\n",
      "Loan_ID_LP001043 0.001288391258759391\n",
      "Loan_ID_LP001050 0.001970225031285079\n",
      "Loan_ID_LP001086 0.0028625142171173302\n",
      "Loan_ID_LP001095 0.004357457943995618\n",
      "Loan_ID_LP001097 0.00436679220652194\n",
      "Loan_ID_LP001100 0.005056876356244766\n",
      "Loan_ID_LP001112 0.00018748020049754065\n",
      "Loan_ID_LP001114 0.0007578942256697542\n",
      "Loan_ID_LP001119 0.006466496343113182\n",
      "Loan_ID_LP001120 0.0011918006608533807\n",
      "Loan_ID_LP001144 0.00039434981728196227\n",
      "Loan_ID_LP001146 0.003778502297905963\n",
      "Loan_ID_LP001155 0.0002625703034976783\n",
      "Loan_ID_LP001157 0.0005338814010696692\n",
      "Loan_ID_LP001164 0.0055092526529058735\n",
      "Loan_ID_LP001179 0.008301382103732345\n",
      "Loan_ID_LP001186 0.0022251195979370304\n",
      "Loan_ID_LP001194 6.320446117093078e-05\n",
      "Loan_ID_LP001198 0.00020056966917624775\n",
      "Loan_ID_LP001199 0.00019781864917046434\n",
      "Loan_ID_LP001205 0.00032007404411087673\n",
      "Loan_ID_LP001207 0.002187566491858689\n",
      "Loan_ID_LP001228 0.001450198449520059\n",
      "Loan_ID_LP001243 0.0003494532624955951\n",
      "Loan_ID_LP001245 0.0007728331724192353\n",
      "Loan_ID_LP001256 0.0055357207572198945\n",
      "Loan_ID_LP001275 0.0006755155228628686\n",
      "Loan_ID_LP001282 4.399391481271961e-05\n",
      "Loan_ID_LP001289 0.0004619758034989069\n",
      "Loan_ID_LP001316 3.53689087193426e-05\n",
      "Loan_ID_LP001318 0.00019083131507373387\n",
      "Loan_ID_LP001327 9.760870068154399e-05\n",
      "Loan_ID_LP001334 0.00024387223186569354\n",
      "Loan_ID_LP001343 0.00025137444274130787\n",
      "Loan_ID_LP001349 0.0004237688154384159\n",
      "Loan_ID_LP001367 5.940403027851546e-05\n",
      "Loan_ID_LP001369 4.57567474928795e-05\n",
      "Loan_ID_LP001384 0.000248587908073064\n",
      "Loan_ID_LP001385 0.0002961657097242279\n",
      "Loan_ID_LP001401 0.0002876075711301215\n",
      "Loan_ID_LP001422 0.0010378825375672396\n",
      "Loan_ID_LP001432 0.00020407760900866787\n",
      "Loan_ID_LP001439 0.0012515082881417083\n",
      "Loan_ID_LP001478 0.0004140182886608724\n",
      "Loan_ID_LP001482 0.00020664566480407646\n",
      "Loan_ID_LP001492 0.0023876748948056404\n",
      "Loan_ID_LP001493 0.0047349000950522805\n",
      "Loan_ID_LP001504 0.0002464880673797006\n",
      "Loan_ID_LP001507 1.8937651080647283e-05\n",
      "Loan_ID_LP001508 0.0001613608755190682\n",
      "Loan_ID_LP001514 0.0001225655414116984\n",
      "Loan_ID_LP001520 3.755581781044909e-05\n",
      "Loan_ID_LP001529 0.0002869719677312859\n",
      "Loan_ID_LP001532 0.004154982299219917\n",
      "Loan_ID_LP001536 0.0010570828020916318\n",
      "Loan_ID_LP001552 6.663292429281521e-05\n",
      "Loan_ID_LP001562 0.008377771188144301\n",
      "Loan_ID_LP001570 0.00016625692755143276\n",
      "Loan_ID_LP001572 0.00038302364164833345\n",
      "Loan_ID_LP001577 0.003810639403898189\n",
      "Loan_ID_LP001578 0.00017791383886284776\n",
      "Loan_ID_LP001579 0.0012227892172417983\n",
      "Loan_ID_LP001608 0.00010424198931318393\n",
      "Loan_ID_LP001610 0.0030205416781875706\n",
      "Loan_ID_LP001616 0.0002803036980125902\n",
      "Loan_ID_LP001637 0.005101879375901357\n",
      "Loan_ID_LP001647 0.0002497747924405185\n",
      "Loan_ID_LP001653 0.0018015057331171897\n",
      "Loan_ID_LP001656 0.005588640411969247\n",
      "Loan_ID_LP001658 0.0006488367031975389\n",
      "Loan_ID_LP001664 0.00034707952481037016\n",
      "Loan_ID_LP001674 0.00026578514112874535\n",
      "Loan_ID_LP001693 0.0023536932516488003\n",
      "Loan_ID_LP001699 0.0012436958175052828\n",
      "Loan_ID_LP001708 0.005994456887924362\n",
      "Loan_ID_LP001711 0.0037598022919927703\n",
      "Loan_ID_LP001716 0.000543749530895819\n",
      "Loan_ID_LP001726 0.00020566479689739179\n",
      "Loan_ID_LP001743 5.9903960104647856e-05\n",
      "Loan_ID_LP001751 0.008331457383920032\n",
      "Loan_ID_LP001758 0.00016764992471284142\n",
      "Loan_ID_LP001765 5.6929473438086095e-05\n",
      "Loan_ID_LP001776 0.0008820476782066623\n",
      "Loan_ID_LP001778 8.103075904704241e-05\n",
      "Loan_ID_LP001784 0.0005364516233174189\n",
      "Loan_ID_LP001790 0.0008686174589162864\n",
      "Loan_ID_LP001792 0.00013534940839361373\n",
      "Loan_ID_LP001800 0.004783644875909658\n",
      "Loan_ID_LP001807 0.00032558387175751877\n",
      "Loan_ID_LP001814 0.00033072356382817593\n",
      "Loan_ID_LP001819 0.0003844279693882837\n",
      "Loan_ID_LP001825 0.0002417736273363685\n",
      "Loan_ID_LP001836 0.004266240476611149\n",
      "Loan_ID_LP001846 0.00037512170434817507\n",
      "Loan_ID_LP001849 0.0020133617557994195\n",
      "Loan_ID_LP001854 0.006927502346582947\n",
      "Loan_ID_LP001859 0.005500877011725393\n",
      "Loan_ID_LP001871 0.00048256304217114714\n",
      "Loan_ID_LP001875 0.00030633456850642397\n",
      "Loan_ID_LP001882 0.001977985773640662\n",
      "Loan_ID_LP001884 0.0005153599430875834\n",
      "Loan_ID_LP001891 0.0004562755727677665\n",
      "Loan_ID_LP001892 0.00031456288753734657\n",
      "Loan_ID_LP001894 3.5086266321194694e-05\n",
      "Loan_ID_LP001896 1.8101417148208603e-05\n",
      "Loan_ID_LP001900 0.00012524300928251205\n",
      "Loan_ID_LP001910 0.0003991883322449892\n",
      "Loan_ID_LP001914 0.00015101730391793808\n",
      "Loan_ID_LP001924 0.00042015139937888105\n",
      "Loan_ID_LP001925 0.003661519970831267\n",
      "Loan_ID_LP001926 8.880262597259565e-05\n",
      "Loan_ID_LP001947 5.820322268766097e-05\n",
      "Loan_ID_LP001955 0.0035993696099864787\n",
      "Loan_ID_LP001978 0.00044613686277648906\n",
      "Loan_ID_LP001993 0.00018292610868966288\n",
      "Loan_ID_LP001994 0.0015072163962336948\n",
      "Loan_ID_LP002006 0.0009210288540710625\n",
      "Loan_ID_LP002050 0.005505760869219364\n",
      "Loan_ID_LP002068 0.003123572877727397\n",
      "Loan_ID_LP002082 6.979895004973192e-05\n",
      "Loan_ID_LP002086 0.00492679957545207\n",
      "Loan_ID_LP002087 0.0010254789714430157\n",
      "Loan_ID_LP002097 0.0003097188486860455\n",
      "Loan_ID_LP002098 0.00039525564430420933\n",
      "Loan_ID_LP002112 2.287051725059482e-05\n",
      "Loan_ID_LP002116 0.003761309197970384\n",
      "Loan_ID_LP002119 0.00101262399135233\n",
      "Loan_ID_LP002126 0.0006949184769352518\n",
      "Loan_ID_LP002131 0.0008789658682508829\n",
      "Loan_ID_LP002138 0.00031047230109381216\n",
      "Loan_ID_LP002141 0.00035851789056587043\n",
      "Loan_ID_LP002142 0.002357796426529276\n",
      "Loan_ID_LP002143 0.00015891978045398322\n",
      "Loan_ID_LP002151 0.007357077720121353\n",
      "Loan_ID_LP002160 0.00024068096627904477\n",
      "Loan_ID_LP002161 0.003790838234858283\n",
      "Loan_ID_LP002181 0.0038623151385310294\n",
      "Loan_ID_LP002187 0.002479636796202127\n",
      "Loan_ID_LP002190 0.00037642178742196866\n",
      "Loan_ID_LP002191 0.003558130821786098\n",
      "Loan_ID_LP002194 0.0004223328517859463\n",
      "Loan_ID_LP002201 0.00012448893734015104\n",
      "Loan_ID_LP002205 0.002338301314716458\n",
      "Loan_ID_LP002211 0.00019835926880381067\n",
      "Loan_ID_LP002224 0.0034479823960363648\n",
      "Loan_ID_LP002229 0.00034679774441554817\n",
      "Loan_ID_LP002262 0.0004879864133292793\n",
      "Loan_ID_LP002265 0.00040243583883784774\n",
      "Loan_ID_LP002277 0.001735284454575856\n",
      "Loan_ID_LP002300 0.0012841958196563791\n",
      "Loan_ID_LP002318 0.0028930975140970417\n",
      "Loan_ID_LP002328 0.0020874882637959323\n",
      "Loan_ID_LP002332 0.0007760705019313793\n",
      "Loan_ID_LP002335 0.0023076238756648557\n",
      "Loan_ID_LP002345 0.0002554092585250808\n",
      "Loan_ID_LP002348 0.0006186432715893394\n",
      "Loan_ID_LP002366 0.00017993767565577124\n",
      "Loan_ID_LP002367 0.00256621784772082\n",
      "Loan_ID_LP002368 0.0003511949562304505\n",
      "Loan_ID_LP002370 0.0013882503672078075\n",
      "Loan_ID_LP002377 0.0006346906565204989\n",
      "Loan_ID_LP002379 0.0022428862431568574\n",
      "Loan_ID_LP002387 4.1635327124003934e-05\n",
      "Loan_ID_LP002390 0.0006916585758666432\n",
      "Loan_ID_LP002409 0.0002685453683472571\n",
      "Loan_ID_LP002418 0.0004257001019505282\n",
      "Loan_ID_LP002429 0.00043351968016794556\n",
      "Loan_ID_LP002434 0.0011323576526691595\n",
      "Loan_ID_LP002455 6.583942227175922e-05\n",
      "Loan_ID_LP002467 0.008360851974157963\n",
      "Loan_ID_LP002472 0.0008616775726272191\n",
      "Loan_ID_LP002473 0.007715995174025301\n",
      "Loan_ID_LP002493 0.003685095607676667\n",
      "Loan_ID_LP002494 0.0003999785829114695\n",
      "Loan_ID_LP002517 0.002077145282610266\n",
      "Loan_ID_LP002524 0.0004160017590467155\n",
      "Loan_ID_LP002527 0.00018961429877282146\n",
      "Loan_ID_LP002529 0.00011868747632561123\n",
      "Loan_ID_LP002531 0.0003278765031617919\n",
      "Loan_ID_LP002537 5.48271698242821e-05\n",
      "Loan_ID_LP002543 0.00015966013692431246\n",
      "Loan_ID_LP002545 0.0019298683212261075\n",
      "Loan_ID_LP002547 0.004087165514443655\n",
      "Loan_ID_LP002555 1.2511135867375702e-05\n",
      "Loan_ID_LP002556 0.005160170964849433\n",
      "Loan_ID_LP002571 0.0011222695317648205\n",
      "Loan_ID_LP002582 0.0010346526495032024\n",
      "Loan_ID_LP002585 0.004487914423122266\n",
      "Loan_ID_LP002587 0.0008711042000172053\n",
      "Loan_ID_LP002600 0.0002893579313291353\n",
      "Loan_ID_LP002606 0.001222953838906636\n",
      "Loan_ID_LP002622 0.00016954917549947312\n",
      "Loan_ID_LP002626 0.00026760656452309037\n",
      "Loan_ID_LP002637 0.0039012990888372297\n",
      "Loan_ID_LP002648 0.005304261963297066\n",
      "Loan_ID_LP002652 0.0056776120175101585\n",
      "Loan_ID_LP002670 0.00025819575667532317\n",
      "Loan_ID_LP002692 0.00016980562904919276\n",
      "Loan_ID_LP002693 0.0002738895102019284\n",
      "Loan_ID_LP002699 0.0004924517370854387\n",
      "Loan_ID_LP002706 0.003211671118894202\n",
      "Loan_ID_LP002714 0.0004374125041782873\n",
      "Loan_ID_LP002734 0.0002631863566253332\n",
      "Loan_ID_LP002738 0.0002869589094455843\n",
      "Loan_ID_LP002739 0.0035520979372563634\n",
      "Loan_ID_LP002740 0.0001109631797786385\n",
      "Loan_ID_LP002741 0.0003432304294404186\n",
      "Loan_ID_LP002767 0.000388155416211953\n",
      "Loan_ID_LP002768 0.0020078217619914017\n",
      "Loan_ID_LP002772 0.0003629238648087295\n",
      "Loan_ID_LP002776 0.001499172111708926\n",
      "Loan_ID_LP002785 0.00013353253472986838\n",
      "Loan_ID_LP002788 0.0021432799644929596\n",
      "Loan_ID_LP002789 0.004761797260888908\n",
      "Loan_ID_LP002804 6.93838838520347e-05\n",
      "Loan_ID_LP002807 0.0008870407438054828\n",
      "Loan_ID_LP002820 7.923839179084685e-05\n",
      "Loan_ID_LP002837 0.0032196955850909838\n",
      "Loan_ID_LP002840 0.004562999564607493\n",
      "Loan_ID_LP002841 0.0030512093417636114\n",
      "Loan_ID_LP002842 0.00040385135245791034\n",
      "Loan_ID_LP002855 0.0001900761284434826\n",
      "Loan_ID_LP002862 0.004538033900985932\n",
      "Loan_ID_LP002874 0.0006783367509122315\n",
      "Loan_ID_LP002893 0.004638612133777861\n",
      "Loan_ID_LP002911 0.005029917780105146\n",
      "Loan_ID_LP002916 0.0005521122966276441\n",
      "Loan_ID_LP002926 0.0030067556298517097\n",
      "Loan_ID_LP002928 0.0006360081753744102\n",
      "Loan_ID_LP002938 9.008450123273571e-05\n",
      "Loan_ID_LP002941 0.004671730600819505\n",
      "Loan_ID_LP002945 0.00024125364538008634\n",
      "Loan_ID_LP002974 0.00032341923570187303\n",
      "Loan_ID_LP002978 0.001516691229582779\n",
      "Loan_ID_LP002983 0.0001356270880121698\n",
      "Loan_ID_LP002984 0.0003078138009280038\n",
      "Married_No 0.013986696202114917\n",
      "Married_Yes 0.015395665972970396\n",
      "Property_Area_Rural 0.013983409868966021\n",
      "Property_Area_Semiurban 0.01996492287359431\n",
      "Property_Area_Urban 0.01135583934875271\n",
      "Self_Employed_No 0.010060348463279776\n",
      "Self_Employed_Yes 0.007914052065836329\n"
     ]
    }
   ],
   "source": [
    "for i, j in sorted(zip(x_train.columns, model.feature_importances_)):\n",
    "    print(i, j)"
   ]
  },
  {
   "cell_type": "markdown",
   "metadata": {},
   "source": [
    "#### Random Forest Regression\n",
    "Sama seperti bagging regression, karena datanya seharusnya menggunakan classifier, maka hasil akurasinya akan sangat rendah."
   ]
  },
  {
   "cell_type": "code",
   "execution_count": 135,
   "metadata": {},
   "outputs": [
    {
     "data": {
      "text/plain": [
       "0.25174364530377513"
      ]
     },
     "execution_count": 135,
     "metadata": {},
     "output_type": "execute_result"
    }
   ],
   "source": [
    "model= RandomForestRegressor(n_estimators=100)\n",
    "model.fit(x_train, Y_train)\n",
    "model.score(x_test,Y_test)"
   ]
  },
  {
   "cell_type": "markdown",
   "metadata": {},
   "source": [
    "### 3.3 AdaBoost\n",
    "adaptive boosting, atau biasa disingkat adaboost, adalah boosting simple yang menggunakan decision tree sebagai model nya. Akan dibuat beberapa model dengan weight yang sama dan setelah beberapa test akan ditentukan weight dari masing - masing model sehingga akan ditemukan prediksi yang lebih tepat dan memiliki akurasi lebih tinggi."
   ]
  },
  {
   "cell_type": "markdown",
   "metadata": {},
   "source": [
    "#### AdaBoost Classifier"
   ]
  },
  {
   "cell_type": "code",
   "execution_count": 136,
   "metadata": {},
   "outputs": [
    {
     "data": {
      "text/plain": [
       "0.7291666666666666"
      ]
     },
     "execution_count": 136,
     "metadata": {},
     "output_type": "execute_result"
    }
   ],
   "source": [
    "model = AdaBoostClassifier(random_state=1)\n",
    "model.fit(x_train, y_train)\n",
    "model.score(x_test,y_test)"
   ]
  },
  {
   "cell_type": "markdown",
   "metadata": {},
   "source": [
    "#### AdaBoost Regression"
   ]
  },
  {
   "cell_type": "code",
   "execution_count": 137,
   "metadata": {},
   "outputs": [
    {
     "data": {
      "text/plain": [
       "0.0656315069600708"
      ]
     },
     "execution_count": 137,
     "metadata": {},
     "output_type": "execute_result"
    }
   ],
   "source": [
    "model = AdaBoostRegressor()\n",
    "model.fit(x_train, Y_train)\n",
    "model.score(x_test,Y_test)"
   ]
  },
  {
   "cell_type": "markdown",
   "metadata": {},
   "source": [
    "### 3.4 Gradient Boosting\n",
    "inti dari gradient boosting ini adalah, setelah melakukan prediksi awal, dia akan berusaha mencari atau memprediksi error dari prediksi awal tersebut, sampai pada akhirnya akan ditemukan gabungan dari prediksi awal dan prediksi error yang paling mendekati dengan label."
   ]
  },
  {
   "cell_type": "markdown",
   "metadata": {},
   "source": [
    "#### Gradient Boosting Classifier"
   ]
  },
  {
   "cell_type": "code",
   "execution_count": 138,
   "metadata": {},
   "outputs": [
    {
     "data": {
      "text/plain": [
       "0.8208333333333333"
